time
0.02
0.05
0.51
0.15
0.15
0.01
0.05
0.23
0.15
0.15
0.06
0.06
0.31
0.15
0.15
0.01
0.05
0.23
0.15
0.15
0.02
0.05
0.23
0.15
0.15
0.02
0.07
0.28
0.15
0.15
0.01
0.04
0.28
0.15
0.15
0.02
0.04
0.29
0.15
0.15
0.02
0.05
0.23
0.15
0.15
0.03
0.05
0.28
0.15
0.15
0.02
0.05
0.23
0.15
0.15
0.02
0.05
0.24
0.15
0.15
0.01
0.04
0.23
0.15
0.15
0.01
0.05
0.24
0.15
0.15
0.01
0.05
0.3
0.15
0.15
0.02
0.04
0.23
0.15
0.15
0.01
0.05
0.29
0.18
0.15
0.01
0.04
0.23
0.15
0.15
0.01
0.05
0.24
0.15
0.15
0.01
0.04
0.31
0.15
0.15